agent:
  engine: local
  id: 23-03-18-14-48
mission:
  commands:
  - mode: 3
    r: 0
    timestamp: 1
    x: 0
    y: 0
    z: 0.5
robot:
  mission_file: /src/aerialist/results/mission5.plan
  params:
    MIS_TAKEOFF_ALT: 1.0
    MIS_YAW_ERR: 12.0
    MPC_YAW_MODE: 0
    NAV_ACC_RAD: 0.5
    NAV_DLL_ACT: 0
    NAV_MC_ALT_RAD: 0.5
    NAV_RCL_ACT: 3
    SDLOG_PROFILE: 7
  port: 14541
simulation:
  headless: true
  obstacles:
  - position:
      r: 44.592495833495924
      x: 30.0
      y: 18.82992803956643
      z: 0
    shape: box
    size:
      h: 25
      l: 18.765888539122503
      r: 0
      w: 19.1218136503281
  - position:
      r: 59.83546024255899
      x: 5.085560788173342
      y: 11.1661863330386
      z: 0
    shape: box
    size:
      h: 25
      l: 18.961490992768876
      r: 0
      w: 18.734854351814445
  simulator: ros
