agent:
  engine: local
  id: 23-03-11-13-45
mission:
  commands:
  - mode: 3
    r: 0
    timestamp: 1
    x: 0
    y: 0
    z: 0.5
robot:
  mission_file: /src/aerialist/results/mission5.plan
  params:
    MIS_TAKEOFF_ALT: 1.0
    MIS_YAW_ERR: 12.0
    MPC_YAW_MODE: 0
    NAV_ACC_RAD: 0.5
    NAV_DLL_ACT: 0
    NAV_MC_ALT_RAD: 0.5
    NAV_RCL_ACT: 3
    SDLOG_PROFILE: 7
  port: 14541
simulation:
  headless: true
  obstacles:
  - position:
      r: 44.21533475141749
      x: 29.741033578689397
      y: 16.598932279890448
      z: 0
    shape: box
    size:
      h: 25
      l: 19.100857739362255
      r: 0
      w: 19.499887967841886
  - position:
      r: 59.118311548562595
      x: -4.742935008213003
      y: 10.087977995833342
      z: 0
    shape: box
    size:
      h: 25
      l: 19.32014907147791
      r: 0
      w: 19.06606508646325
  simulator: ros
