agent:
  engine: local
  id: 21-03-23-11-07
mission:
  commands:
  - mode: 3
    r: 0
    timestamp: 1
    x: 0
    y: 0
    z: 0.5
robot:
  mission_file: /src/aerialist/results/mission4.plan
  params:
    MIS_TAKEOFF_ALT: 1.0
    MIS_YAW_ERR: 12.0
    MPC_YAW_MODE: 0
    NAV_ACC_RAD: 0.5
    NAV_DLL_ACT: 0
    NAV_MC_ALT_RAD: 0.5
    NAV_RCL_ACT: 3
    SDLOG_PROFILE: 7
  port: 14541
simulation:
  headless: true
  obstacles:
  - position:
      r: 10.467033214566184
      x: -0.23832341508522337
      y: 26.256363540016455
      z: 0
    shape: box
    size:
      h: 25
      l: 6.8953287194567
      r: 0
      w: 6.734480740316608
  - position:
      r: 55.45710375483774
      x: 7.149236325424948
      y: 10.0
      z: 0
    shape: box
    size:
      h: 25
      l: 7.678490617833337
      r: 0
      w: 13.884383469930276
  simulator: ros
  wind:
    direction:
    - 1
    - 0
    - 0
    direction_variance: 0
    gust_direction:
    - 0
    - 0
    - 0
    gust_direction_variance: 0
    gust_duration: 0
    gust_start: 0
    gust_velocity_max: 0
    gust_velocity_mean: 0
    gust_velocity_variance: 0
    velocity_max: 10.0
    velocity_mean: 8.0
    velocity_variance: 0
