agent:
  engine: local
  id: 21-03-01-39-14
mission:
  commands:
  - mode: 3
    r: 0
    timestamp: 1
    x: 0
    y: 0
    z: 0.5
robot:
  mission_file: /src/aerialist/results/mission2.plan
  params:
    MIS_TAKEOFF_ALT: 1.0
    MIS_YAW_ERR: 12.0
    MPC_YAW_MODE: 0
    NAV_ACC_RAD: 0.5
    NAV_DLL_ACT: 0
    NAV_MC_ALT_RAD: 0.5
    NAV_RCL_ACT: 3
    SDLOG_PROFILE: 7
  port: 14541
simulation:
  headless: true
  obstacles:
  - position:
      r: 6.674813364012629
      x: -13.294739325098544
      y: 25.703307158061534
      z: 0
    shape: box
    size:
      h: 25
      l: 8.117854934536275
      r: 0
      w: 9.382378859887748
  - position:
      r: 78.05431803679679
      x: 3.10526359148783
      y: 22.13373040690677
      z: 0
    shape: box
    size:
      h: 25
      l: 15.648356205598619
      r: 0
      w: 10.216117880209488
  simulator: ros
  wind:
    direction:
    - 1
    - 0
    - 0
    direction_variance: 0
    gust_direction:
    - 0
    - 0
    - 0
    gust_direction_variance: 0
    gust_duration: 0
    gust_start: 0
    gust_velocity_max: 0
    gust_velocity_mean: 0
    gust_velocity_variance: 0
    velocity_max: 6.0
    velocity_mean: 4.0
    velocity_variance: 0
