agent:
  engine: local
  id: 21-03-18-38-26
mission:
  commands:
  - mode: 3
    r: 0
    timestamp: 1
    x: 0
    y: 0
    z: 0.5
robot:
  mission_file: /src/aerialist/results/mission4.plan
  params:
    MIS_TAKEOFF_ALT: 1.0
    MIS_YAW_ERR: 12.0
    MPC_YAW_MODE: 0
    NAV_ACC_RAD: 0.5
    NAV_DLL_ACT: 0
    NAV_MC_ALT_RAD: 0.5
    NAV_RCL_ACT: 3
    SDLOG_PROFILE: 7
  port: 14541
simulation:
  headless: true
  obstacles:
  - position:
      r: 82.18624208551225
      x: 8.69883596764132
      y: 21.72715329171048
      z: 0
    shape: box
    size:
      h: 25
      l: 19.18893641030411
      r: 0
      w: 11.222963046354167
  - position:
      r: 7.370340774807933
      x: 6.792802941835083
      y: 43.29264151414848
      z: 0
    shape: box
    size:
      h: 25
      l: 4.269612278676956
      r: 0
      w: 14.829794354633131
  simulator: ros
  wind:
    direction:
    - 1
    - 0
    - 0
    direction_variance: 0
    gust_direction:
    - 0
    - 0
    - 0
    gust_direction_variance: 0
    gust_duration: 0
    gust_start: 0
    gust_velocity_max: 0
    gust_velocity_mean: 0
    gust_velocity_variance: 0
    velocity_max: 10.0
    velocity_mean: 8.0
    velocity_variance: 0
