agent:
  engine: local
  id: 21-03-07-42-36
mission:
  commands:
  - mode: 3
    r: 0
    timestamp: 1
    x: 0
    y: 0
    z: 0.5
robot:
  mission_file: /src/aerialist/results/mission2.plan
  params:
    MIS_TAKEOFF_ALT: 1.0
    MIS_YAW_ERR: 12.0
    MPC_YAW_MODE: 0
    NAV_ACC_RAD: 0.5
    NAV_DLL_ACT: 0
    NAV_MC_ALT_RAD: 0.5
    NAV_RCL_ACT: 3
    SDLOG_PROFILE: 7
  port: 14541
simulation:
  headless: true
  obstacles:
  - position:
      r: 32.40494161915711
      x: -6.169070557914512
      y: 14.172152493789717
      z: 0
    shape: box
    size:
      h: 25
      l: 15.4153417359653
      r: 0
      w: 17.59695629188045
  - position:
      r: 2.4990905645339048
      x: -7.409014060285226
      y: 35.743539253178334
      z: 0
    shape: box
    size:
      h: 25
      l: 19.206666435146147
      r: 0
      w: 16.080098319255598
  simulator: ros
  wind:
    direction:
    - 1
    - 0
    - 0
    direction_variance: 0
    gust_direction:
    - 0
    - 0
    - 0
    gust_direction_variance: 0
    gust_duration: 0
    gust_start: 0
    gust_velocity_max: 0
    gust_velocity_mean: 0
    gust_velocity_variance: 0
    velocity_max: 6.0
    velocity_mean: 4.0
    velocity_variance: 0
