agent:
  engine: local
  id: 21-03-18-15-59
mission:
  commands:
  - mode: 3
    r: 0
    timestamp: 1
    x: 0
    y: 0
    z: 0.5
robot:
  mission_file: /src/aerialist/results/mission4.plan
  params:
    MIS_TAKEOFF_ALT: 1.0
    MIS_YAW_ERR: 12.0
    MPC_YAW_MODE: 0
    NAV_ACC_RAD: 0.5
    NAV_DLL_ACT: 0
    NAV_MC_ALT_RAD: 0.5
    NAV_RCL_ACT: 3
    SDLOG_PROFILE: 7
  port: 14541
simulation:
  headless: true
  obstacles:
  - position:
      r: 2.2447665551497584
      x: 19.54606193065659
      y: 31.917642005010283
      z: 0
    shape: box
    size:
      h: 25
      l: 6.135477535333548
      r: 0
      w: 11.150186990669447
  - position:
      r: 77.1258115563398
      x: 9.662217739130885
      y: 36.273594886786846
      z: 0
    shape: box
    size:
      h: 25
      l: 7.49748556606193
      r: 0
      w: 6.380528037909316
  simulator: ros
  wind:
    direction:
    - 1
    - 0
    - 0
    direction_variance: 0
    gust_direction:
    - 0
    - 0
    - 0
    gust_direction_variance: 0
    gust_duration: 0
    gust_start: 0
    gust_velocity_max: 0
    gust_velocity_mean: 0
    gust_velocity_variance: 0
    velocity_max: 10.0
    velocity_mean: 8.0
    velocity_variance: 0
