agent:
  engine: local
  id: 21-03-06-48-28
mission:
  commands:
  - mode: 3
    r: 0
    timestamp: 1
    x: 0
    y: 0
    z: 0.5
robot:
  mission_file: /src/aerialist/results/mission2.plan
  params:
    MIS_TAKEOFF_ALT: 1.0
    MIS_YAW_ERR: 12.0
    MPC_YAW_MODE: 0
    NAV_ACC_RAD: 0.5
    NAV_DLL_ACT: 0
    NAV_MC_ALT_RAD: 0.5
    NAV_RCL_ACT: 3
    SDLOG_PROFILE: 7
  port: 14541
simulation:
  headless: true
  obstacles:
  - position:
      r: 19.948678965044486
      x: -4.166755528056797
      y: 22.650226306610776
      z: 0
    shape: box
    size:
      h: 25
      l: 12.170480994969616
      r: 0
      w: 12.544143841043837
  - position:
      r: 64.3012122317447
      x: 4.081036366905975
      y: 10.0
      z: 0
    shape: box
    size:
      h: 25
      l: 16.04027161514827
      r: 0
      w: 5.364052356428677
  simulator: ros
  wind:
    direction:
    - 1
    - 0
    - 0
    direction_variance: 0
    gust_direction:
    - 0
    - 0
    - 0
    gust_direction_variance: 0
    gust_duration: 0
    gust_start: 0
    gust_velocity_max: 0
    gust_velocity_mean: 0
    gust_velocity_variance: 0
    velocity_max: 6.0
    velocity_mean: 4.0
    velocity_variance: 0
