agent:
  engine: local
  id: 21-03-18-08-07
mission:
  commands:
  - mode: 3
    r: 0
    timestamp: 1
    x: 0
    y: 0
    z: 0.5
robot:
  mission_file: /src/aerialist/results/mission4.plan
  params:
    MIS_TAKEOFF_ALT: 1.0
    MIS_YAW_ERR: 12.0
    MPC_YAW_MODE: 0
    NAV_ACC_RAD: 0.5
    NAV_DLL_ACT: 0
    NAV_MC_ALT_RAD: 0.5
    NAV_RCL_ACT: 3
    SDLOG_PROFILE: 7
  port: 14541
simulation:
  headless: true
  obstacles:
  - position:
      r: 85.72414154593334
      x: 5.3904395610376366
      y: 26.197647002597943
      z: 0
    shape: box
    size:
      h: 25
      l: 19.67885935509572
      r: 0
      w: 18.410576463187457
  - position:
      r: 25.970470938875966
      x: 17.23209482046805
      y: 43.79563819062984
      z: 0
    shape: box
    size:
      h: 25
      l: 12.337925424695925
      r: 0
      w: 5.120884073255802
  simulator: ros
  wind:
    direction:
    - 1
    - 0
    - 0
    direction_variance: 0
    gust_direction:
    - 0
    - 0
    - 0
    gust_direction_variance: 0
    gust_duration: 0
    gust_start: 0
    gust_velocity_max: 0
    gust_velocity_mean: 0
    gust_velocity_variance: 0
    velocity_max: 10.0
    velocity_mean: 8.0
    velocity_variance: 0
