agent:
  engine: local
  id: 23-03-17-54-55
mission:
  commands:
  - mode: 3
    r: 0
    timestamp: 1
    x: 0
    y: 0
    z: 0.5
robot:
  mission_file: /src/aerialist/results/mission5.plan
  params:
    MIS_TAKEOFF_ALT: 1.0
    MIS_YAW_ERR: 12.0
    MPC_YAW_MODE: 0
    NAV_ACC_RAD: 0.5
    NAV_DLL_ACT: 0
    NAV_MC_ALT_RAD: 0.5
    NAV_RCL_ACT: 3
    SDLOG_PROFILE: 7
  port: 14541
simulation:
  headless: true
  obstacles:
  - position:
      r: 8.517150421011788
      x: -10.130098848169421
      y: 20.05783426788515
      z: 0
    shape: box
    size:
      h: 25
      l: 19.684733228449037
      r: 0
      w: 17.363595117623575
  - position:
      r: 82.90030239745711
      x: 23.81136274326854
      y: 20.63699615572141
      z: 0
    shape: box
    size:
      h: 25
      l: 18.620498298790213
      r: 0
      w: 19.25950372936236
  simulator: ros
