agent:
  engine: local
  id: 24-03-05-53-40
mission:
  commands:
  - mode: 3
    r: 0
    timestamp: 1
    x: 0
    y: 0
    z: 0.5
robot:
  mission_file: /src/aerialist/results/mission_zigzag.plan
  params:
    MIS_TAKEOFF_ALT: 1.0
    MIS_YAW_ERR: 12.0
    MPC_YAW_MODE: 0
    NAV_ACC_RAD: 0.5
    NAV_DLL_ACT: 0
    NAV_MC_ALT_RAD: 0.5
    NAV_RCL_ACT: 3
    SDLOG_PROFILE: 7
  port: 14541
simulation:
  headless: true
  obstacles:
  - position:
      r: 27.9715469904184
      x: -12.560028031948496
      y: 28.22428216833914
      z: 0
    shape: box
    size:
      h: 25
      l: 12.715695673331116
      r: 0
      w: 17.932751567925617
  - position:
      r: 87.75800683823358
      x: 1.8821783469656914
      y: 11.147281989341359
      z: 0
    shape: box
    size:
      h: 25
      l: 9.316437152590623
      r: 0
      w: 12.485981726767186
  simulator: ros
