agent:
  engine: local
  id: 21-03-22-42-34
mission:
  commands:
  - mode: 3
    r: 0
    timestamp: 1
    x: 0
    y: 0
    z: 0.5
robot:
  mission_file: /src/aerialist/results/mission4.plan
  params:
    MIS_TAKEOFF_ALT: 1.0
    MIS_YAW_ERR: 12.0
    MPC_YAW_MODE: 0
    NAV_ACC_RAD: 0.5
    NAV_DLL_ACT: 0
    NAV_MC_ALT_RAD: 0.5
    NAV_RCL_ACT: 3
    SDLOG_PROFILE: 7
  port: 14541
simulation:
  headless: true
  obstacles:
  - position:
      r: 33.097830213524915
      x: -2.4237357625716447
      y: 30.155902142236776
      z: 0
    shape: box
    size:
      h: 25
      l: 14.553195635569997
      r: 0
      w: 18.35282613958711
  - position:
      r: 18.124253536208965
      x: 13.415345568279823
      y: 18.80520615275018
      z: 0
    shape: box
    size:
      h: 25
      l: 10.665340461651342
      r: 0
      w: 12.07356556497407
  simulator: ros
  wind:
    direction:
    - 1
    - 0
    - 0
    direction_variance: 0
    gust_direction:
    - 0
    - 0
    - 0
    gust_direction_variance: 0
    gust_duration: 0
    gust_start: 0
    gust_velocity_max: 0
    gust_velocity_mean: 0
    gust_velocity_variance: 0
    velocity_max: 10.0
    velocity_mean: 8.0
    velocity_variance: 0
