agent:
  engine: local
  id: 22-03-00-58-11
mission:
  commands:
  - mode: 3
    r: 0
    timestamp: 1
    x: 0
    y: 0
    z: 0.5
robot:
  mission_file: /src/aerialist/results/mission4.plan
  params:
    MIS_TAKEOFF_ALT: 1.0
    MIS_YAW_ERR: 12.0
    MPC_YAW_MODE: 0
    NAV_ACC_RAD: 0.5
    NAV_DLL_ACT: 0
    NAV_MC_ALT_RAD: 0.5
    NAV_RCL_ACT: 3
    SDLOG_PROFILE: 7
  port: 14541
simulation:
  headless: true
  obstacles:
  - position:
      r: 14.103514676456658
      x: 5.678740302717977
      y: 10.0
      z: 0
    shape: box
    size:
      h: 25
      l: 10.233230424370173
      r: 0
      w: 14.390525502549163
  - position:
      r: 44.040597144274756
      x: 14.871397120605435
      y: 15.499871183424089
      z: 0
    shape: box
    size:
      h: 25
      l: 8.652937708775365
      r: 0
      w: 6.197929659894429
  simulator: ros
  wind:
    direction:
    - 1
    - 0
    - 0
    direction_variance: 0
    gust_direction:
    - 0
    - 0
    - 0
    gust_direction_variance: 0
    gust_duration: 0
    gust_start: 0
    gust_velocity_max: 0
    gust_velocity_mean: 0
    gust_velocity_variance: 0
    velocity_max: 10.0
    velocity_mean: 8.0
    velocity_variance: 0
