agent:
  engine: local
  id: 21-03-00-58-20
mission:
  commands:
  - mode: 3
    r: 0
    timestamp: 1
    x: 0
    y: 0
    z: 0.5
robot:
  mission_file: /src/aerialist/results/mission2.plan
  params:
    MIS_TAKEOFF_ALT: 1.0
    MIS_YAW_ERR: 12.0
    MPC_YAW_MODE: 0
    NAV_ACC_RAD: 0.5
    NAV_DLL_ACT: 0
    NAV_MC_ALT_RAD: 0.5
    NAV_RCL_ACT: 3
    SDLOG_PROFILE: 7
  port: 14541
simulation:
  headless: true
  obstacles:
  - position:
      r: 75.54311153432329
      x: -8.052835384378824
      y: 20.61510750317999
      z: 0
    shape: box
    size:
      h: 25
      l: 13.469168893422388
      r: 0
      w: 7.819212446191188
  - position:
      r: 16.3814146084544
      x: 0.7835473229772401
      y: 6.3203862552485175
      z: 0
    shape: box
    size:
      h: 25
      l: 5.877705202911134
      r: 0
      w: 10.64238225715684
  simulator: ros
  wind:
    direction:
    - 1
    - 0
    - 0
    direction_variance: 0
    gust_direction:
    - 0
    - 0
    - 0
    gust_direction_variance: 0
    gust_duration: 0
    gust_start: 0
    gust_velocity_max: 0
    gust_velocity_mean: 0
    gust_velocity_variance: 0
    velocity_max: 6.0
    velocity_mean: 4.0
    velocity_variance: 0
