agent:
  engine: local
  id: 21-03-01-43-48
mission:
  commands:
  - mode: 3
    r: 0
    timestamp: 1
    x: 0
    y: 0
    z: 0.5
robot:
  mission_file: /src/aerialist/results/mission2.plan
  params:
    MIS_TAKEOFF_ALT: 1.0
    MIS_YAW_ERR: 12.0
    MPC_YAW_MODE: 0
    NAV_ACC_RAD: 0.5
    NAV_DLL_ACT: 0
    NAV_MC_ALT_RAD: 0.5
    NAV_RCL_ACT: 3
    SDLOG_PROFILE: 7
  port: 14541
simulation:
  headless: true
  obstacles:
  - position:
      r: 74.0008050840559
      x: -2.7750468738551497
      y: 18.82260318142713
      z: 0
    shape: box
    size:
      h: 25
      l: 15.441493671265855
      r: 0
      w: 12.320260353701304
  - position:
      r: 0.8758660295914067
      x: -19.8232206442933
      y: 32.6901241317428
      z: 0
    shape: box
    size:
      h: 25
      l: 8.080449120222937
      r: 0
      w: 13.87027539585477
  simulator: ros
  wind:
    direction:
    - 1
    - 0
    - 0
    direction_variance: 0
    gust_direction:
    - 0
    - 0
    - 0
    gust_direction_variance: 0
    gust_duration: 0
    gust_start: 0
    gust_velocity_max: 0
    gust_velocity_mean: 0
    gust_velocity_variance: 0
    velocity_max: 6.0
    velocity_mean: 4.0
    velocity_variance: 0
