agent:
  engine: local
  id: 21-03-23-07-01
mission:
  commands:
  - mode: 3
    r: 0
    timestamp: 1
    x: 0
    y: 0
    z: 0.5
robot:
  mission_file: /src/aerialist/results/mission4.plan
  params:
    MIS_TAKEOFF_ALT: 1.0
    MIS_YAW_ERR: 12.0
    MPC_YAW_MODE: 0
    NAV_ACC_RAD: 0.5
    NAV_DLL_ACT: 0
    NAV_MC_ALT_RAD: 0.5
    NAV_RCL_ACT: 3
    SDLOG_PROFILE: 7
  port: 14541
simulation:
  headless: true
  obstacles:
  - position:
      r: 48.3531000303154
      x: 14.128195759914087
      y: 24.221331796349073
      z: 0
    shape: box
    size:
      h: 25
      l: 9.356572703086217
      r: 0
      w: 17.5154513676307
  - position:
      r: 78.10425817678205
      x: 8.705005812603288
      y: 40.0
      z: 0
    shape: box
    size:
      h: 25
      l: 9.83507367288951
      r: 0
      w: 9.667445515878313
  simulator: ros
  wind:
    direction:
    - 1
    - 0
    - 0
    direction_variance: 0
    gust_direction:
    - 0
    - 0
    - 0
    gust_direction_variance: 0
    gust_duration: 0
    gust_start: 0
    gust_velocity_max: 0
    gust_velocity_mean: 0
    gust_velocity_variance: 0
    velocity_max: 10.0
    velocity_mean: 8.0
    velocity_variance: 0
