agent:
  engine: local
  id: 22-03-00-20-52
mission:
  commands:
  - mode: 3
    r: 0
    timestamp: 1
    x: 0
    y: 0
    z: 0.5
robot:
  mission_file: /src/aerialist/results/mission4.plan
  params:
    MIS_TAKEOFF_ALT: 1.0
    MIS_YAW_ERR: 12.0
    MPC_YAW_MODE: 0
    NAV_ACC_RAD: 0.5
    NAV_DLL_ACT: 0
    NAV_MC_ALT_RAD: 0.5
    NAV_RCL_ACT: 3
    SDLOG_PROFILE: 7
  port: 14541
simulation:
  headless: true
  obstacles:
  - position:
      r: 83.64773522706771
      x: 3.7674493710182113
      y: 38.63112161850083
      z: 0
    shape: box
    size:
      h: 25
      l: 15.713268980987378
      r: 0
      w: 11.77842589539656
  - position:
      r: 8.954008739731625
      x: -0.3949861795869348
      y: 10.0
      z: 0
    shape: box
    size:
      h: 25
      l: 9.77073731077094
      r: 0
      w: 14.69523201707533
  simulator: ros
  wind:
    direction:
    - 1
    - 0
    - 0
    direction_variance: 0
    gust_direction:
    - 0
    - 0
    - 0
    gust_direction_variance: 0
    gust_duration: 0
    gust_start: 0
    gust_velocity_max: 0
    gust_velocity_mean: 0
    gust_velocity_variance: 0
    velocity_max: 10.0
    velocity_mean: 8.0
    velocity_variance: 0
