agent:
  engine: local
  id: 21-03-15-36-54
mission:
  commands:
  - mode: 3
    r: 0
    timestamp: 1
    x: 0
    y: 0
    z: 0.5
robot:
  mission_file: /src/aerialist/results/mission4.plan
  params:
    MIS_TAKEOFF_ALT: 1.0
    MIS_YAW_ERR: 12.0
    MPC_YAW_MODE: 0
    NAV_ACC_RAD: 0.5
    NAV_DLL_ACT: 0
    NAV_MC_ALT_RAD: 0.5
    NAV_RCL_ACT: 3
    SDLOG_PROFILE: 7
  port: 14541
simulation:
  headless: true
  obstacles:
  - position:
      r: 81.75978910651233
      x: 19.542332326976677
      y: 21.311221081182698
      z: 0
    shape: box
    size:
      h: 25
      l: 11.620641964142152
      r: 0
      w: 18.570927911015193
  - position:
      r: 51.828490445320526
      x: 2.5877479853038228
      y: 13.90186812169441
      z: 0
    shape: box
    size:
      h: 25
      l: 7.627587160336695
      r: 0
      w: 5.162407658616922
  simulator: ros
  wind:
    direction:
    - 1
    - 0
    - 0
    direction_variance: 0
    gust_direction:
    - 0
    - 0
    - 0
    gust_direction_variance: 0
    gust_duration: 0
    gust_start: 0
    gust_velocity_max: 0
    gust_velocity_mean: 0
    gust_velocity_variance: 0
    velocity_max: 10.0
    velocity_mean: 8.0
    velocity_variance: 0
