agent:
  engine: local
  id: 23-03-13-08-16
mission:
  commands:
  - mode: 3
    r: 0
    timestamp: 1
    x: 0
    y: 0
    z: 0.5
robot:
  mission_file: /src/aerialist/results/mission5.plan
  params:
    MIS_TAKEOFF_ALT: 1.0
    MIS_YAW_ERR: 12.0
    MPC_YAW_MODE: 0
    NAV_ACC_RAD: 0.5
    NAV_DLL_ACT: 0
    NAV_MC_ALT_RAD: 0.5
    NAV_RCL_ACT: 3
    SDLOG_PROFILE: 7
  port: 14541
simulation:
  headless: true
  obstacles:
  - position:
      r: 8.517150421011788
      x: -11.150749726116608
      y: 20.855306720829
      z: 0
    shape: box
    size:
      h: 25
      l: 19.901482241887216
      r: 0
      w: 17.443806595130845
  - position:
      r: 82.90030239745711
      x: 26.687165691866696
      y: 19.71552127305177
      z: 0
    shape: box
    size:
      h: 25
      l: 18.77464525754258
      r: 0
      w: 19.451239242854264
  simulator: ros
