agent:
  engine: local
  id: 21-03-23-31-51
mission:
  commands:
  - mode: 3
    r: 0
    timestamp: 1
    x: 0
    y: 0
    z: 0.5
robot:
  mission_file: /src/aerialist/results/mission4.plan
  params:
    MIS_TAKEOFF_ALT: 1.0
    MIS_YAW_ERR: 12.0
    MPC_YAW_MODE: 0
    NAV_ACC_RAD: 0.5
    NAV_DLL_ACT: 0
    NAV_MC_ALT_RAD: 0.5
    NAV_RCL_ACT: 3
    SDLOG_PROFILE: 7
  port: 14541
simulation:
  headless: true
  obstacles:
  - position:
      r: 13.981116410355114
      x: 5.186682464890574
      y: 10.72376694624904
      z: 0
    shape: box
    size:
      h: 25
      l: 9.894008684627243
      r: 0
      w: 14.29585053211088
  - position:
      r: 43.79097904977519
      x: 16.637043208007448
      y: 19.3197705893211
      z: 0
    shape: box
    size:
      h: 25
      l: 8.220757573997446
      r: 0
      w: 5.621337286947043
  simulator: ros
  wind:
    direction:
    - 1
    - 0
    - 0
    direction_variance: 0
    gust_direction:
    - 0
    - 0
    - 0
    gust_direction_variance: 0
    gust_duration: 0
    gust_start: 0
    gust_velocity_max: 0
    gust_velocity_mean: 0
    gust_velocity_variance: 0
    velocity_max: 10.0
    velocity_mean: 8.0
    velocity_variance: 0
