agent:
  engine: local
  id: 23-03-14-37-29
mission:
  commands:
  - mode: 3
    r: 0
    timestamp: 1
    x: 0
    y: 0
    z: 0.5
robot:
  mission_file: /src/aerialist/results/mission5.plan
  params:
    MIS_TAKEOFF_ALT: 1.0
    MIS_YAW_ERR: 12.0
    MPC_YAW_MODE: 0
    NAV_ACC_RAD: 0.5
    NAV_DLL_ACT: 0
    NAV_MC_ALT_RAD: 0.5
    NAV_RCL_ACT: 3
    SDLOG_PROFILE: 7
  port: 14541
simulation:
  headless: true
  obstacles:
  - position:
      r: 44.366640709814455
      x: 29.59329191766856
      y: 16.399682735144463
      z: 0
    shape: box
    size:
      h: 25
      l: 18.92858786495324
      r: 0
      w: 19.305449747406225
  - position:
      r: 59.725961270279875
      x: -2.5967592676249556
      y: 12.026467534125773
      z: 0
    shape: box
    size:
      h: 25
      l: 19.135696345284693
      r: 0
      w: 18.895728137215293
  simulator: ros
